dd 0.0, 0.017452, 0.034899, 0.052336, 0.069756001, 0.087155998
dd 0.104528, 0.121869, 0.139173, 0.156434, 0.173648, 0.190809
dd 0.207912, 0.224951, 0.24192201, 0.25881901, 0.275637
dd 0.29237199, 0.309017, 0.32556799, 0.34202, 0.35836801
dd 0.374607, 0.39073101, 0.406737, 0.422618, 0.438371
dd 0.45399001, 0.46947101, 0.48480999, 0.5, 0.51503801
dd 0.52991903, 0.54463899, 0.55919302, 0.57357597, 0.58778501
dd 0.60181499, 0.61566103, 0.62932003, 0.64278698, 0.65605903
dd 0.66913003, 0.68199801, 0.69465798, 0.70710701, 0.71934003
dd 0.731354, 0.74314499, 0.75470901, 0.76604402, 0.77714598
dd 0.78801101, 0.79863501, 0.809017, 0.819152, 0.82903701
dd 0.83867002, 0.84804797, 0.85716701, 0.86602497, 0.87462002
dd 0.88294703, 0.89100599, 0.898794, 0.906308, 0.91354501
dd 0.92050499, 0.92718399, 0.93357998, 0.93969297, 0.94551802
dd 0.951056, 0.95630503, 0.96126199, 0.96592599, 0.97029603
dd 0.97437, 0.97814798, 0.98162699, 0.98480803, 0.987688
dd 0.99026799, 0.99254602, 0.99452198, 0.99619502, 0.99756402
dd 0.99862999, 0.99939102, 0.99984801, 1.0, 0.99984801
dd 0.99939102, 0.99862999, 0.99756402, 0.99619502, 0.99452198
dd 0.99254602, 0.99026799, 0.987688, 0.98480803, 0.98162699
dd 0.97814798, 0.97437, 0.97029603, 0.96592599, 0.96126199
dd 0.95630503, 0.95105702, 0.94551897, 0.93969297, 0.93358099
dd 0.92718399, 0.92050499, 0.91354603, 0.906308, 0.898794
dd 0.89100701, 0.88294798, 0.87462002, 0.86602598, 0.85716802
dd 0.84804797, 0.83867103, 0.82903802, 0.819152, 0.809017
dd 0.79863602, 0.78801101, 0.77714598, 0.76604497, 0.75471002
dd 0.74314499, 0.731354, 0.71934003, 0.70710701, 0.69465899
dd 0.68199903, 0.66913098, 0.65605903, 0.64278799, 0.62932098
dd 0.61566198, 0.60181499, 0.58778602, 0.57357699, 0.55919302
dd 0.54463899, 0.52991998, 0.51503903, 0.5, 0.48480999
dd 0.46947199, 0.453991, 0.43837199, 0.42261899, 0.406737
dd 0.39073199, 0.374607, 0.35836801, 0.34202099, 0.325569
dd 0.30901799, 0.29237199, 0.27563801, 0.25882, 0.24192201
dd 0.224952, 0.207912, 0.19080999, 0.173649, 0.156435
dd 0.139174, 0.12187, 0.104529, 0.087155998, 0.069757
dd 0.052336998, 0.034899998, 0.017453, 0.000001, -0.017452
dd -0.034899, -0.052335002, -0.069756001, -0.087154999
dd -0.104528, -0.121869, -0.139172, -0.156434, -0.173647
dd -0.190808, -0.207911, -0.22495, -0.24192099, -0.258818
dd -0.275637, -0.292371, -0.30901599, -0.32556701, -0.34201899
dd -0.358367, -0.37460601, -0.39072999, -0.40673599, -0.422618
dd -0.43836999, -0.45399001, -0.46947101, -0.48480901
dd -0.49999899, -0.515037, -0.52991903, -0.54463798, -0.559192
dd -0.57357597, -0.58778501, -0.60181397, -0.61566103
dd -0.62932003, -0.64278698, -0.65605801, -0.66913003
dd -0.68199801, -0.69465798, -0.70710599, -0.71933901
dd -0.73135298, -0.74314398, -0.75470901, -0.76604402
dd -0.77714503, -0.78801, -0.79863501, -0.80901599, -0.819152
dd -0.82903701, -0.83867002, -0.84804797, -0.85716701
dd -0.86602497, -0.87461901, -0.88294703, -0.89100599
dd -0.898794, -0.90630698, -0.91354501, -0.92050499, -0.92718399
dd -0.93357998, -0.93969202, -0.94551802, -0.951056, -0.95630401
dd -0.96126097, -0.96592599, -0.97029603, -0.97437, -0.97814697
dd -0.98162699, -0.98480803, -0.987688, -0.99026799, -0.99254602
dd -0.99452198, -0.99619502, -0.99756402, -0.99862897
dd -0.99939102, -0.99984801, -1.0, -0.99984801, -0.99939102
dd -0.99862999, -0.99756402, -0.99619502, -0.99452198
dd -0.99254602, -0.99026799, -0.987688, -0.98480803, -0.98162699
dd -0.97814798, -0.97437, -0.97029603, -0.96592599, -0.96126199
dd -0.95630503, -0.95105702, -0.94551897, -0.93969297
dd -0.93358099, -0.92718399, -0.92050499, -0.91354603
dd -0.906308, -0.89879501, -0.89100701, -0.88294798, -0.87462002
dd -0.86602598, -0.85716802, -0.84804899, -0.83867103
dd -0.82903802, -0.81915301, -0.80901802, -0.79863602
dd -0.78801101, -0.777147, -0.76604497, -0.75471002, -0.743146
dd -0.731354, -0.71934098, -0.70710802, -0.69465899, -0.68199903
dd -0.66913098, -0.65605998, -0.64278799, -0.62932098
dd -0.61566198, -0.601816, -0.58778602, -0.57357699, -0.55919403
dd -0.54464, -0.52991998, -0.51503903, -0.50000101, -0.48481101
dd -0.469473, -0.45399201, -0.43837199, -0.42261899, -0.40673801
dd -0.39073199, -0.37460801, -0.35836899, -0.34202099
dd -0.325569, -0.30901799, -0.292373, -0.275639, -0.25882
dd -0.241923, -0.224952, -0.207913, -0.19080999, -0.173649
dd -0.156436, -0.139174, -0.121871, -0.10453, -0.087157004
dd -0.069757998, -0.052336998, -0.034901001, -0.017454
dd 0.0